[[[58 76 28]
  [54 71 27]
  [45 63 23]
  ...
  [10 15  8]
  [ 9 11  6]
  [ 9 11  6]]

 [[49 62 19]
  [58 73 32]
  [50 68 28]
  ...
  [19 27 14]
  [15 20 13]
  [12 14  9]]

 [[42 54 16]
  [53 65 29]
  [49 65 28]
  ...
  [25 33 18]
  [17 23 13]
  [13 16  9]]

 ...

 [[ 9 10  5]
  [ 8 10  5]
  [ 9 11  6]
  ...
  [11 12  7]
  [13 14  9]
  [12 14  9]]

 [[ 8  9  4]
  [ 9 10  5]
  [ 8 10  7]
  ...
  [13 14  8]
  [10 11  6]
  [11 13  8]]

 [[ 9 10  5]
  [ 9 10  5]
  [ 9 10  5]
  ...
  [12 15  6]
  [ 9 12  5]
  [ 9 11  6]]]